// smearing coefficients 0.13267 , 0.11154 , 0.00052

52 , 7.90894 , 0.6343 , 1.46577 , 0.378954 , 0.968727 , 0.00465262 , 
53 , 7.64353 , 0.639124 , 1.42786 , 0.389033 , 0.972273 , 0.00514728 , 
54 , 7.22603 , 0.637561 , 1.44583 , 0.388096 , 0.979421 , 0.00514728 , 
55 , 6.69019 , 0.631787 , 1.41164 , 0.389254 , 0.997575 , 0.00445487 , 
56 , 6.07682 , 0.632067 , 1.41706 , 0.389052 , 0.998382 , 0.00911071 , 
57 , 5.42853 , 0.633013 , 1.41408 , 0.386004 , 0.996086 , 0.0211382 , 
58 , 4.78473 , 0.628868 , 1.39808 , 0.387338 , 1.01151 , 0.0177288 , 
19 , 4.30074 , 0.627394 , 1.34279 , 0.383712 , 1.01106 , 0.0231283 , 
59 , 4.1776 , 0.625675 , 1.34278 , 0.385399 , 1.0167 , 0.0258896 , 
18 , 4.15713 , 0.526397 , 0.856889 , 0.365798 , 1.02812 , -0.0182636 , 
17 , 3.93118 , 0.523228 , 0.880372 , 0.365636 , 1.02751 , -0.0124501 , 
16 , 3.64108 , 0.534249 , 0.971848 , 0.382319 , 1.02165 , -0.0198691 , 
60 , 3.62976 , 0.538089 , 0.988382 , 0.38423 , 1.03337 , -0.0225202 , 
15 , 3.30884 , 0.542056 , 0.985704 , 0.38803 , 1.04311 , -0.0263164 , 
61 , 3.15389 , 0.538941 , 1.05043 , 0.385987 , 1.03935 , -0.0191629 , 
4 , 2.96445 , 0.567788 , 1.0373 , 0.391909 , 1.04146 , -0.0246579 , 
14 , 2.95748 , 0.565837 , 1.07379 , 0.391477 , 1.03635 , -0.0166628 , 
5 , 2.86088 , 0.566076 , 1.07529 , 0.388357 , 1.03668 , -0.0102666 , 
62 , 2.754 , 0.559675 , 1.13077 , 0.392785 , 1.03669 , -0.0116134 , 
6 , 2.69813 , 0.578727 , 1.10675 , 0.393056 , 1.0344 , -0.00590944 , 
13 , 2.60832 , 0.583194 , 1.13129 , 0.407981 , 1.02422 , 0.00238292 , 
7 , 2.48962 , 0.583569 , 1.11344 , 0.408586 , 1.02444 , 0.0129068 , 
63 , 2.42779 , 0.588031 , 1.21131 , 0.405734 , 1.02403 , 0.0154014 , 
12 , 2.27882 , 0.593486 , 1.16138 , 0.409875 , 1.01908 , 0.0227955 , 
8 , 2.25152 , 0.594654 , 1.15559 , 0.412427 , 1.01915 , 0.0224868 , 
9 , 2.0007 , 0.596835 , 1.14417 , 0.433835 , 1.0161 , 0.0171827 , 
25 , 1.98127 , 0.611464 , 1.18413 , 0.432302 , 1.01846 , 0.0110215 , 
20 , 1.98127 , 0.625127 , 1.20279 , 0.466522 , 1.00816 , -0.000254282 , 
34 , 1.97458 , 0.654607 , 1.1821 , 0.465571 , 1.00856 , 0.00254884 , 
33 , 1.90062 , 0.654607 , 1.18747 , 0.477971 , 1.00413 , -0.00152196 , 
32 , 1.78465 , 0.65384 , 1.17522 , 0.491351 , 1.00078 , 0.000964903 , 
10 , 1.75268 , 0.65885 , 1.2209 , 0.492022 , 1.0076 , -0.00273363 , 
24 , 1.72261 , 0.667325 , 1.22666 , 0.491842 , 1.01029 , 0.00104252 , 
21 , 1.72261 , 0.673482 , 1.26859 , 0.499092 , 1.00721 , 0.00243144 , 
31 , 1.63655 , 0.679757 , 1.23158 , 0.499591 , 1.01015 , 0.00527936 , 
11 , 1.52003 , 0.670781 , 1.21376 , 0.511645 , 1.00966 , 0.00527204 , 
23 , 1.50509 , 0.670757 , 1.19856 , 0.511121 , 1.01397 , 0.00273062 , 
22 , 1.50509 , 0.662845 , 1.20703 , 0.514025 , 1.01159 , 0.00926153 , 
30 , 1.46825 , 0.670587 , 1.18004 , 0.518292 , 1.01913 , 0.00656854 , 
29 , 1.29208 , 0.676244 , 1.17881 , 0.524055 , 1.00669 , 0.00968382 , 
3 , 1.21767 , 0.674132 , 1.17585 , 0.528439 , 1.00267 , 0.0116212 , 
28 , 1.1193 , 0.694448 , 1.1991 , 0.53033 , 0.986037 , 0.0113725 , 
2 , 1.05264 , 0.69309 , 1.19522 , 0.534143 , 0.986527 , 0.0146437 , 
27 , 0.95882 , 0.673705 , 1.21596 , 0.502267 , 0.993822 , 0.0908637 , 
26 , 0.81657 , 0.674778 , 1.21804 , 0.502332 , 0.990443 , 0.105448 , 
1 , 0.80879 , 0.678295 , 1.20133 , 0.50706 , 0.979457 , 0.103799 , 
35 , 0.69544 , 0.683076 , 1.17456 , 0.510464 , 0.943061 , 0.133702 , 
40 , 0.68765 , 0.701713 , 1.17024 , 0.515954 , 0.940135 , 0.134041 , 
0 , 0.66201 , 0.691991 , 1.14477 , 0.531665 , 0.939552 , 0.131983 , 
41 , 0.65189 , 0.700543 , 1.12981 , 0.534053 , 0.939615 , 0.13675 , 
42 , 0.59641 , 0.701542 , 1.1328 , 0.531731 , 0.939654 , 0.14064 , 
36 , 0.59575 , 0.680479 , 1.11884 , 0.536721 , 0.951295 , 0.148437 , 
37 , 0.51611 , 0.680881 , 1.11884 , 0.536661 , 0.950799 , 0.153769 , 
43 , 0.48874 , 0.692525 , 1.10256 , 0.541922 , 0.950426 , 0.158478 , 
38 , 0.45421 , 0.688902 , 1.10461 , 0.550463 , 0.951664 , 0.157825 , 
39 , 0.38915 , 0.685967 , 1.10284 , 0.547232 , 0.95507 , 0.162689 , 
44 , 0.37184 , 0.691345 , 1.09575 , 0.547107 , 0.957466 , 0.165136 , 
45 , 0.26609 , 0.701075 , 1.09821 , 0.549937 , 0.960162 , 0.160135 , 
46 , 0.18371 , 0.707062 , 1.10247 , 0.549183 , 0.966497 , 0.162061 , 
47 , 0.12684 , 0.716559 , 1.09328 , 0.550381 , 0.966649 , 0.166185 , 
48 , 0.10089 , 0.693117 , 1.10007 , 0.547711 , 0.98385 , 0.169816 , 
49 , 0.07506 , 0.692809 , 1.09161 , 0.550776 , 0.988138 , 0.17416 , 
50 , 0.05996 , 0.679817 , 1.1018 , 0.547309 , 1.00124 , 0.17959 , 
